# Mesure de la position d'un objet en fonction du temps (horaire)
# Date de creation : 1er mars 2022
# 
# 
# position (en m) temps (en s) 
 0.00  0.00
 9.34  1.26
20.93  2.07
46.52  2.99
81.57  3.96
127.66  5.12
188.83  6.17
245.88  7.02
313.86  7.93
406.11  9.03
522.12 10.21
598.05 10.93
719.59 11.99
845.09 12.97
995.53 14.11
1123.61 15.02
1281.49 16.00
1430.37 16.92
1613.25 17.96
1812.46 19.04
2013.00 20.06
2171.86 20.85
2412.16 21.96
2649.59 23.03
2865.20 23.95
3154.96 25.11
3425.15 26.17
3631.69 26.95
3865.46 27.81
4214.10 29.04
4430.94 29.88
4738.35 31.06
4992.86 32.03
5268.79 33.09
5453.66 33.80
5743.47 34.92
6057.63 36.13
6332.34 37.19
6548.72 38.02
6761.83 38.84
7086.54 40.09
7332.64 41.03
7571.32 41.95
7818.14 42.91
8067.59 43.87
8326.32 44.85
8617.68 45.97
8898.43 47.06
9138.97 47.98
9371.07 48.88
9648.97 49.93
9914.25 50.97
10201.42 52.05
10493.90 53.19
10729.12 54.11
10960.67 54.98
11191.87 55.87
11502.96 57.09
11717.59 57.89
11999.23 58.97
12231.33 59.88
12526.39 61.01
12801.49 62.06
13054.95 63.05
13285.36 63.91
13580.69 65.07
13776.41 65.83
14105.97 67.08
14321.46 67.91
14607.70 69.02
14821.60 70.00
15010.71 70.91
15201.56 71.82
15448.33 73.06
15624.78 73.97
15811.58 74.98
16009.10 76.06
16170.26 76.99
16351.43 78.06
16511.42 79.03
16657.87 79.96
16822.42 81.06
16958.88 82.01
17100.07 83.04
17250.81 84.17
17344.45 84.89
17474.86 85.95
17587.90 86.97
17688.08 87.88
17809.11 89.03
17901.16 89.98
17997.78 91.05
18083.45 92.05
18164.26 93.06
18229.84 93.98
18308.48 95.14
18355.97 95.95
18413.01 96.99
18458.54 97.90
18516.62 99.05
18542.91 100.03
